,0,1,2,3,4
0,0.3786407766990291,0.0970873786407767,0.14563106796116504,0.0970873786407767,0.2815533980582524
1,0.42156229825693997,0.09360877985797289,0.11749515816655907,0.09683666881859264,0.27049709489993545
2,0.3622291021671827,0.10835913312693499,0.13622291021671826,0.08668730650154799,0.3065015479876161
3,0.4027027027027027,0.1,0.13175675675675674,0.10202702702702703,0.2635135135135135
4,0.4439252336448598,0.14174454828660435,0.09190031152647975,0.06542056074766354,0.2570093457943925
5,0.384142936906756,0.11390284757118928,0.12506979341150196,0.10217755443886097,0.2747068676716918
6,0.4024896265560166,0.1016597510373444,0.10995850622406639,0.1016597510373444,0.2842323651452282
7,0.3931947069943289,0.10775047258979206,0.11153119092627599,0.10396975425330812,0.2835538752362949
8,0.39603960396039606,0.11287128712871287,0.10693069306930693,0.100990099009901,0.28316831683168314
9,0.37799043062200954,0.08452950558213716,0.12440191387559808,0.09888357256778309,0.3141945773524721
10,0.3952991452991453,0.1111111111111111,0.12179487179487179,0.10683760683760683,0.26495726495726496
11,0.40039840637450197,0.10557768924302789,0.11155378486055777,0.099601593625498,0.28286852589641437
12,0.3992015968063872,0.10179640718562874,0.1157684630738523,0.1157684630738523,0.26746506986027946
13,0.3904382470119522,0.10756972111553785,0.12350597609561753,0.10756972111553785,0.27091633466135456
14,0.38684719535783363,0.10444874274661509,0.11798839458413926,0.10831721470019343,0.28239845261121854
15,0.4300202839756592,0.09330628803245436,0.09533468559837728,0.1075050709939148,0.2738336713995943
16,0.3775784753363229,0.09058295964125561,0.12825112107623318,0.0968609865470852,0.30672645739910315
17,0.4419942473633749,0.07190795781399809,0.1342281879194631,0.08820709491850431,0.2636625119846596
18,0.4376391982182628,0.08685968819599109,0.11915367483296214,0.09131403118040089,0.2650334075723831
19,0.3706422018348624,0.11192660550458716,0.13211009174311927,0.12293577981651377,0.26238532110091745
20,0.40939597315436244,0.11185682326621924,0.08501118568232663,0.08501118568232663,0.3087248322147651
21,0.3986784140969163,0.08590308370044053,0.11894273127753303,0.05726872246696035,0.3392070484581498
22,0.3651804670912951,0.09766454352441614,0.12951167728237792,0.09129511677282377,0.31634819532908703
23,0.5,0.04929577464788732,0.11971830985915492,0.11267605633802817,0.21830985915492956
24,0.40271493212669685,0.049773755656108594,0.08597285067873303,0.12669683257918551,0.334841628959276
25,0.3574561403508772,0.1118421052631579,0.14035087719298245,0.09649122807017543,0.29385964912280704
26,0.36585365853658536,0.12195121951219512,0.12416851441241686,0.08869179600886919,0.29933481152993346
27,0.3699186991869919,0.10772357723577236,0.12601626016260162,0.09146341463414634,0.3048780487804878
28,0.3628158844765343,0.09566787003610108,0.13176895306859207,0.0776173285198556,0.33212996389891697
29,0.354978354978355,0.11255411255411256,0.1277056277056277,0.08658008658008658,0.3181818181818182
30,0.37748344370860926,0.11920529801324503,0.10375275938189846,0.08388520971302428,0.31567328918322296
31,0.3755274261603376,0.11814345991561181,0.12869198312236288,0.09915611814345991,0.27848101265822783
32,0.380859375,0.125,0.134765625,0.09375,0.265625
33,0.39323467230443976,0.11839323467230443,0.13742071881606766,0.09513742071881606,0.2558139534883721
34,0.4336283185840708,0.1084070796460177,0.12168141592920353,0.09292035398230089,0.24336283185840707
35,0.32608695652173914,0.11857707509881422,0.1225296442687747,0.09288537549407115,0.33992094861660077
36,0.3340471092077088,0.139186295503212,0.1284796573875803,0.09635974304068523,0.3019271948608137
37,0.3404710920770878,0.13062098501070663,0.11563169164882227,0.1006423982869379,0.31263383297644537
38,0.3465553235908142,0.12317327766179541,0.13987473903966596,0.10855949895615867,0.2818371607515658
39,0.35698924731182796,0.13548387096774195,0.15053763440860216,0.0967741935483871,0.26021505376344084
40,0.4570815450643777,0.07296137339055794,0.15021459227467812,0.10300429184549356,0.2167381974248927
41,0.398,0.1,0.112,0.112,0.278
42,0.382262996941896,0.10397553516819572,0.1437308868501529,0.09174311926605505,0.2782874617737003
43,0.36200716845878134,0.10752688172043011,0.15053763440860216,0.10752688172043011,0.2724014336917563
44,0.36538461538461536,0.08906882591093117,0.13663967611336034,0.11336032388663968,0.29554655870445345
45,0.35714285714285715,0.10476190476190476,0.11904761904761904,0.1,0.319047619047619
46,0.3676148796498906,0.12253829321663019,0.13347921225382933,0.09846827133479212,0.2778993435448578
47,0.35176991150442477,0.11946902654867257,0.14380530973451328,0.10176991150442478,0.2831858407079646
48,0.37424547283702214,0.11468812877263582,0.1267605633802817,0.096579476861167,0.28772635814889336
49,0.40131578947368424,0.10964912280701754,0.10526315789473684,0.08552631578947369,0.2982456140350877
50,0.39072847682119205,0.11037527593818984,0.12362030905077263,0.10816777041942605,0.2671081677704194
51,0.39184597961494905,0.11098527746319366,0.12684031710079274,0.11211778029445074,0.2582106455266138
52,0.38478747203579416,0.116331096196868,0.1297539149888143,0.1040268456375839,0.2651006711409396
53,0.401330376940133,0.10753880266075388,0.12749445676274945,0.10753880266075388,0.25609756097560976
54,0.381330685203575,0.09731876861966236,0.11519364448857994,0.11221449851042702,0.2939424031777557
55,0.3867102396514161,0.10675381263616558,0.12418300653594772,0.10893246187363835,0.27342047930283225
56,0.3898678414096916,0.10572687224669604,0.12665198237885464,0.10682819383259912,0.2709251101321586
57,0.39934711643090315,0.10337323177366703,0.13166485310119697,0.1088139281828074,0.25680087051142547
58,0.401673640167364,0.09205020920502092,0.11610878661087866,0.10355648535564854,0.28661087866108786
59,0.4091836734693878,0.08163265306122448,0.12755102040816327,0.10102040816326531,0.28061224489795916
60,0.38699360341151384,0.08742004264392324,0.1460554371002132,0.10660980810234541,0.27292110874200426
61,0.34084699453551914,0.09631147540983606,0.1366120218579235,0.11407103825136612,0.3121584699453552
62,0.3463611859838275,0.0977088948787062,0.13881401617250674,0.1179245283018868,0.2991913746630728
63,0.41362530413625304,0.08840227088402271,0.12003244120032441,0.07948094079480941,0.2984590429845904
64,0.4184131736526946,0.0875748502994012,0.12574850299401197,0.09056886227544911,0.2776946107784431
65,0.3987603305785124,0.11363636363636363,0.1115702479338843,0.09504132231404959,0.2809917355371901
66,0.3712177121771218,0.07933579335793357,0.14317343173431735,0.13690036900369004,0.2693726937269373
67,0.3822538375140397,0.07937102208910521,0.14264320479221265,0.12916510670160988,0.26656682890303257
68,0.3717171717171717,0.11515151515151516,0.11313131313131314,0.13131313131313133,0.2686868686868687
69,0.37074148296593185,0.12024048096192384,0.09819639278557114,0.13226452905811623,0.2785571142284569
70,0.3791304347826087,0.10260869565217391,0.11304347826086956,0.11304347826086956,0.2921739130434783
71,0.35834609494640124,0.10107197549770292,0.12710566615620214,0.14701378254211334,0.2664624808575804
72,0.4061990212071778,0.08482871125611746,0.11745513866231648,0.11745513866231648,0.2740619902120718
73,0.39697542533081287,0.11153119092627599,0.09829867674858223,0.12287334593572778,0.27032136105860116
74,0.4407894736842105,0.1118421052631579,0.11403508771929824,0.09868421052631579,0.23464912280701755
75,0.3679060665362035,0.11154598825831702,0.10176125244618395,0.13111545988258316,0.2876712328767123
76,0.3484848484848485,0.0780885780885781,0.1445221445221445,0.11771561771561771,0.3111888111888112
77,0.38747553816046965,0.12133072407045009,0.13111545988258316,0.11545988258317025,0.2446183953033268
78,0.39184952978056425,0.09404388714733543,0.1238244514106583,0.10031347962382445,0.28996865203761757
79,0.41743725231175693,0.08982826948480846,0.10568031704095113,0.09379128137384413,0.29326287978863935
80,0.4015748031496063,0.09133858267716535,0.13385826771653545,0.11653543307086614,0.2566929133858268
81,0.3802163833075734,0.09428129829984544,0.12982998454404945,0.09582689335394126,0.29984544049459044
82,0.3634920634920635,0.10158730158730159,0.13015873015873017,0.09841269841269841,0.30634920634920637
83,0.35572519083969467,0.09770992366412214,0.1267175572519084,0.09465648854961832,0.3251908396946565
84,0.35658914728682173,0.10852713178294573,0.12403100775193798,0.10077519379844961,0.31007751937984496
85,0.4008097165991903,0.0931174089068826,0.12955465587044535,0.1214574898785425,0.2550607287449393
86,0.3996101364522417,0.09551656920077972,0.12475633528265107,0.12085769980506822,0.25925925925925924
87,0.37714863498483314,0.09403437815975733,0.14054600606673406,0.11830131445904954,0.2699696663296259
88,0.39603106125970666,0.07420189818809318,0.1276962899050906,0.0992234685073339,0.3028472821397757
89,0.3734015345268542,0.12531969309462915,0.1432225063938619,0.09207161125319693,0.2659846547314578
90,0.3793911007025761,0.09836065573770492,0.13114754098360656,0.13348946135831383,0.2576112412177986
91,0.36327345309381237,0.09780439121756487,0.12974051896207583,0.10578842315369262,0.3033932135728543
92,0.42921348314606744,0.09438202247191012,0.12808988764044943,0.11910112359550562,0.2292134831460674
93,0.38424821002386633,0.10023866348448687,0.12410501193317422,0.1360381861575179,0.2553699284009546
94,0.3664302600472813,0.09456264775413711,0.1276595744680851,0.13947990543735225,0.2718676122931442
95,0.41037735849056606,0.07311320754716981,0.14386792452830188,0.09433962264150944,0.2783018867924528
96,0.4071246819338422,0.10178117048346055,0.11195928753180662,0.14249363867684478,0.2366412213740458
97,0.39841688654353563,0.09498680738786279,0.1266490765171504,0.10026385224274406,0.2796833773087071
98,0.45874587458745875,0.066006600660066,0.12211221122112212,0.09900990099009901,0.25412541254125415
99,0.3995381062355658,0.09468822170900693,0.13856812933025403,0.13625866050808313,0.23094688221709006
100,0.3861111111111111,0.10555555555555556,0.1111111111111111,0.1,0.2972222222222222
101,0.37866666666666665,0.096,0.13333333333333333,0.104,0.288
102,0.36363636363636365,0.11722488038277512,0.14832535885167464,0.1076555023923445,0.2631578947368421
103,0.40476190476190477,0.13988095238095238,0.1130952380952381,0.10119047619047619,0.24107142857142858
104,0.43427230046948356,0.10093896713615023,0.11502347417840375,0.0892018779342723,0.2605633802816901
105,0.38106796116504854,0.09385113268608414,0.12055016181229773,0.1011326860841424,0.30339805825242716
106,0.39267015706806285,0.1099476439790576,0.12041884816753927,0.07329842931937172,0.3036649214659686
107,0.4180478821362799,0.06998158379373849,0.14548802946593,0.09392265193370165,0.27255985267034993
108,0.42487046632124353,0.07599309153713299,0.14162348877374784,0.07772020725388601,0.27979274611398963
109,0.3693570451436389,0.06429548563611491,0.13679890560875513,0.07660738714090287,0.35294117647058826
110,0.4847775175644028,0.07494145199063232,0.14754098360655737,0.06557377049180328,0.22716627634660422
111,0.40828402366863903,0.09171597633136094,0.15088757396449703,0.07840236686390532,0.27071005917159763
112,0.36926605504587157,0.08830275229357798,0.14793577981651376,0.09747706422018348,0.29701834862385323
113,0.38646788990825687,0.09288990825688073,0.14220183486238533,0.11467889908256881,0.26376146788990823
114,0.41825095057034223,0.09695817490494296,0.13307984790874525,0.11026615969581749,0.2414448669201521
115,0.389937106918239,0.11949685534591195,0.11530398322851153,0.11530398322851153,0.259958071278826
116,0.35845213849287166,0.10590631364562118,0.12016293279022404,0.14663951120162932,0.26883910386965376
117,0.365234375,0.099609375,0.115234375,0.1328125,0.287109375
118,0.35984848484848486,0.10795454545454546,0.13636363636363635,0.13825757575757575,0.25757575757575757
119,0.39348370927318294,0.11528822055137844,0.14786967418546365,0.10025062656641603,0.24310776942355888
120,0.37279596977329976,0.11335012594458438,0.11586901763224182,0.10327455919395466,0.2947103274559194
121,0.40463917525773196,0.11082474226804123,0.11855670103092783,0.0979381443298969,0.26804123711340205
122,0.36492890995260663,0.10426540284360189,0.14218009478672985,0.12322274881516587,0.26540284360189575
123,0.3092436974789916,0.11932773109243698,0.146218487394958,0.10420168067226891,0.32100840336134456
124,0.42493638676844786,0.08651399491094147,0.11195928753180662,0.08396946564885496,0.2926208651399491
125,0.37967914438502676,0.11764705882352941,0.13636363636363635,0.09090909090909091,0.27540106951871657
126,0.33861386138613864,0.1188118811881188,0.13267326732673268,0.0891089108910891,0.3207920792079208
127,0.42993260515919124,0.07854984894259819,0.10109226121310713,0.0857541250290495,0.3046711596560539
128,0.395910780669145,0.09107806691449814,0.13382899628252787,0.10594795539033457,0.2732342007434944
129,0.4222222222222222,0.09673202614379085,0.12810457516339868,0.10196078431372549,0.25098039215686274
130,0.401854714064915,0.06800618238021638,0.1375579598145286,0.10046367851622875,0.2921174652241113
131,0.38204592901878914,0.11482254697286012,0.12317327766179541,0.11482254697286012,0.2651356993736952
132,0.3794683776351971,0.09899175068744272,0.1310724106324473,0.13290559120073328,0.25756186984417967
133,0.3674418604651163,0.11162790697674418,0.09767441860465116,0.14883720930232558,0.2744186046511628
134,0.34968354430379744,0.11392405063291139,0.12025316455696203,0.11708860759493671,0.2990506329113924
135,0.38626609442060084,0.07296137339055794,0.14699570815450644,0.09227467811158799,0.30150214592274677
136,0.42892156862745096,0.10784313725490197,0.11764705882352941,0.08333333333333333,0.2622549019607843
137,0.44651162790697674,0.09534883720930233,0.1325581395348837,0.06046511627906977,0.2651162790697674
138,0.4488888888888889,0.08,0.12222222222222222,0.08444444444444445,0.2644444444444444
139,0.39827586206896554,0.11379310344827587,0.10862068965517241,0.08620689655172414,0.29310344827586204
140,0.4198966408268734,0.08139534883720931,0.1434108527131783,0.08397932816537468,0.2713178294573643
141,0.3781818181818182,0.13090909090909092,0.10545454545454545,0.08363636363636363,0.3018181818181818
142,0.45454545454545453,0.11515151515151516,0.13333333333333333,0.06363636363636363,0.23333333333333334
143,0.39102818578801113,0.0815799920603414,0.130011909487892,0.14470027788805082,0.25267963477570465
144,0.37507549828870546,0.090396617676666,0.1445540567747131,0.1393195087578015,0.25065431850211395
145,0.3761806981519507,0.088911704312115,0.1351129363449692,0.13880903490759752,0.2609856262833676
146,0.3832752613240418,0.11448481831757093,0.11647585863613738,0.11896465903434544,0.2667994026879044
147,0.39908256880733944,0.0963302752293578,0.11467889908256881,0.15137614678899083,0.23853211009174313
148,0.38403990024937656,0.11471321695760599,0.1172069825436409,0.12119700748129676,0.2628428927680798
149,0.3925,0.1125,0.112,0.1155,0.2675
150,0.4074074074074074,0.11655773420479303,0.10076252723311546,0.12037037037037036,0.2549019607843137
151,0.4166666666666667,0.06140350877192982,0.14035087719298245,0.12280701754385964,0.25877192982456143
152,0.3923611111111111,0.10416666666666667,0.10664682539682539,0.1130952380952381,0.2837301587301587
153,0.40071343638525564,0.1272294887039239,0.1206896551724138,0.09869203329369798,0.25267538644470866
154,0.3924242424242424,0.11515151515151516,0.12222222222222222,0.1191919191919192,0.251010101010101
155,0.3829033889731917,0.1112797167425392,0.125948406676783,0.11532625189681335,0.26454223571067276
156,0.38496932515337423,0.10991820040899795,0.11196319018404909,0.1114519427402863,0.28169734151329245
157,0.31689088191330345,0.11808669656203288,0.11509715994020926,0.09118086696562033,0.35874439461883406
158,0.35625,0.1140625,0.109375,0.1,0.3203125
159,0.3690773067331671,0.07855361596009976,0.14089775561097256,0.07231920199501247,0.33915211970074816
160,0.3389830508474576,0.10939907550077041,0.12788906009244994,0.1016949152542373,0.3220338983050847
161,0.44407345575959933,0.15692821368948248,0.07345575959933222,0.06010016694490818,0.2654424040066778
162,0.4554294975688817,0.15559157212317667,0.08914100486223663,0.06807131280388978,0.23176661264181522
163,0.45483870967741935,0.13709677419354838,0.08548387096774193,0.07096774193548387,0.25161290322580643
164,0.42857142857142855,0.14761904761904762,0.0746031746031746,0.07142857142857142,0.2777777777777778
165,0.47641509433962265,0.13836477987421383,0.07861635220125786,0.06918238993710692,0.23742138364779874
166,0.43453510436432635,0.09044908285895004,0.11954459203036052,0.09297912713472485,0.2624920936116382
167,0.3845327604726101,0.10633727175080558,0.1364124597207304,0.12459720730397422,0.24812030075187969
168,0.36671987230646447,0.09297685554668794,0.1512370311252993,0.11133280127693536,0.27773343974461295
169,0.3817870884993587,0.0940572894399316,0.14365113296280463,0.10773834972210346,0.27276613937580163
170,0.3953174245835209,0.09770373705538046,0.12021611886537596,0.1080594326879784,0.27870328680774425
171,0.37019898195279966,0.1022674687644609,0.12864414622859788,0.11476168440536788,0.28412771864877373
172,0.37699956766104625,0.09208819714656291,0.14051015996541288,0.10894941634241245,0.2814526588845655
173,0.4107233181588265,0.09661102680829539,0.11886697015680324,0.11482043500252909,0.2589782498735458
174,0.4116390816871329,0.10998398291510945,0.11585691404164442,0.10731446876668446,0.25520555258942873
175,0.3565536205316224,0.10449129239230064,0.1145737855178735,0.1301558203483043,0.29422548120989916
176,0.3394648829431438,0.05852842809364549,0.14381270903010032,0.13210702341137123,0.32608695652173914
177,0.3015151515151515,0.051515151515151514,0.18484848484848485,0.1393939393939394,0.32272727272727275
178,0.32644628099173556,0.0640495867768595,0.15702479338842976,0.1446280991735537,0.30785123966942146
179,0.3153846153846154,0.057692307692307696,0.17307692307692307,0.11538461538461539,0.3384615384615385
180,0.4144144144144144,0.11711711711711711,0.11711711711711711,0.09009009009009009,0.26126126126126126
181,0.4033412887828162,0.06682577565632458,0.14558472553699284,0.10501193317422435,0.27923627684964203
182,0.3577586206896552,0.1271551724137931,0.1400862068965517,0.10991379310344827,0.2650862068965517
183,0.3873239436619718,0.09054325955734406,0.11971830985915492,0.09456740442655935,0.30784708249496984
184,0.459546925566343,0.12297734627831715,0.09385113268608414,0.05825242718446602,0.26537216828478966
185,0.4087193460490463,0.08446866485013624,0.1335149863760218,0.09809264305177112,0.27520435967302453
186,0.38877755511022044,0.11022044088176353,0.11422845691382766,0.10420841683366733,0.28256513026052105
187,0.40620782726045884,0.08457040035987404,0.12190733243364822,0.10706252811515969,0.2802519118308592
188,0.3960900977475563,0.08159796005099873,0.13089672758181045,0.10624734381640459,0.2851678708032299
189,0.3883045856121161,0.07951198990323938,0.12284392090870845,0.1081194783340345,0.30122002524190156
190,0.3724696356275304,0.12348178137651822,0.12550607287449392,0.10728744939271255,0.27125506072874495
191,0.42168674698795183,0.11746987951807229,0.10542168674698796,0.06927710843373494,0.286144578313253
192,0.3941018766756032,0.08757819481680071,0.14298480786416443,0.11081322609472744,0.2645218945487042
193,0.3411371237458194,0.08110367892976589,0.1496655518394649,0.11705685618729098,0.3110367892976589
194,0.3741496598639456,0.11791383219954649,0.11564625850340136,0.08843537414965986,0.30385487528344673
195,0.40431654676258993,0.0920863309352518,0.14676258992805755,0.0920863309352518,0.2647482014388489
196,0.3900226757369615,0.11791383219954649,0.09523809523809523,0.10430839002267574,0.2925170068027211
197,0.3634782608695652,0.09739130434782609,0.12,0.12173913043478261,0.29739130434782607
198,0.4026974951830443,0.08863198458574181,0.1348747591522158,0.11753371868978806,0.25626204238921
199,0.3709981167608286,0.0847457627118644,0.1224105461393597,0.09792843691148775,0.3239171374764595
200,0.31833150384193193,0.07354555433589462,0.141602634467618,0.13721185510428102,0.32930845225027444
201,0.3817062445030783,0.09586631486367635,0.11609498680738786,0.12752858399296393,0.27880386983289357
202,0.5015974440894568,0.09904153354632587,0.08945686900958466,0.07667731629392971,0.23322683706070288
203,0.35772357723577236,0.13008130081300814,0.12195121951219512,0.12195121951219512,0.2682926829268293
