,0,1,2,3,4,5,6,7,8,9,10,11,12,13,14,15,16,17,18,19
0,0.08723404255319149,0.04893617021276596,0.029787234042553193,0.05319148936170213,0.029787234042553193,0.08297872340425531,0.02127659574468085,0.029787234042553193,0.036170212765957444,0.1148936170212766,0.023404255319148935,0.023404255319148935,0.07659574468085106,0.06170212765957447,0.06170212765957447,0.06382978723404255,0.05531914893617021,0.05106382978723404,0.02127659574468085,0.027659574468085105
1,0.07899159663865546,0.021848739495798318,0.040336134453781515,0.06050420168067227,0.025210084033613446,0.07899159663865546,0.03697478991596639,0.031932773109243695,0.04873949579831933,0.1226890756302521,0.0453781512605042,0.04201680672268908,0.058823529411764705,0.04201680672268908,0.058823529411764705,0.07563025210084033,0.04201680672268908,0.04201680672268908,0.008403361344537815,0.03865546218487395
2,0.06415094339622641,0.03962264150943396,0.03773584905660377,0.05660377358490566,0.018867924528301886,0.052830188679245285,0.03962264150943396,0.035849056603773584,0.05660377358490566,0.11509433962264151,0.03773584905660377,0.03773584905660377,0.05849056603773585,0.035849056603773584,0.06037735849056604,0.11132075471698114,0.035849056603773584,0.062264150943396226,0.013207547169811321,0.03018867924528302
3,0.1111111111111111,0.026004728132387706,0.037825059101654845,0.09219858156028368,0.02364066193853428,0.09456264775413711,0.018912529550827423,0.02127659574468085,0.04964539007092199,0.1347517730496454,0.02127659574468085,0.0070921985815602835,0.07565011820330969,0.030732860520094562,0.06855791962174941,0.0591016548463357,0.026004728132387706,0.07565011820330969,0.004728132387706856,0.02127659574468085
4,0.07086614173228346,0.02952755905511811,0.051181102362204724,0.06299212598425197,0.023622047244094488,0.07677165354330709,0.025590551181102362,0.045275590551181105,0.0688976377952756,0.12007874015748031,0.031496062992125984,0.015748031496062992,0.06299212598425197,0.03937007874015748,0.05905511811023622,0.10039370078740158,0.03543307086614173,0.03740157480314961,0.007874015748031496,0.03543307086614173
5,0.06550218340611354,0.03275109170305677,0.06331877729257641,0.06986899563318777,0.021834061135371178,0.05021834061135371,0.028384279475982533,0.048034934497816595,0.07423580786026202,0.11353711790393013,0.039301310043668124,0.03056768558951965,0.05240174672489083,0.03711790393013101,0.043668122270742356,0.09388646288209607,0.034934497816593885,0.056768558951965066,0.004366812227074236,0.039301310043668124
6,0.047619047619047616,0.02574002574002574,0.05019305019305019,0.059202059202059204,0.03088803088803089,0.06692406692406692,0.014157014157014158,0.043758043758043756,0.06563706563706563,0.10424710424710425,0.029601029601029602,0.05148005148005148,0.05791505791505792,0.05405405405405406,0.03474903474903475,0.1093951093951094,0.06306306306306306,0.05405405405405406,0.009009009009009009,0.028314028314028315
7,0.056372549019607844,0.03431372549019608,0.061274509803921566,0.04411764705882353,0.031862745098039214,0.061274509803921566,0.031862745098039214,0.0661764705882353,0.056372549019607844,0.10049019607843138,0.02696078431372549,0.04411764705882353,0.041666666666666664,0.06862745098039216,0.0661764705882353,0.08333333333333333,0.03676470588235294,0.058823529411764705,0.004901960784313725,0.024509803921568627
8,0.08804347826086957,0.029347826086956522,0.04021739130434782,0.059782608695652176,0.030434782608695653,0.10434782608695652,0.020652173913043477,0.025,0.043478260869565216,0.09456521739130434,0.02391304347826087,0.021739130434782608,0.08043478260869565,0.07717391304347826,0.04456521739130435,0.08804347826086957,0.04021739130434782,0.043478260869565216,0.008695652173913044,0.035869565217391305
9,0.046747967479674794,0.027439024390243903,0.034552845528455285,0.05589430894308943,0.034552845528455285,0.06605691056910569,0.02032520325203252,0.041666666666666664,0.052845528455284556,0.0741869918699187,0.02540650406504065,0.052845528455284556,0.07621951219512195,0.04878048780487805,0.037601626016260166,0.15142276422764228,0.049796747967479675,0.06605691056910569,0.006097560975609756,0.031504065040650404
10,0.11039657020364416,0.02572347266881029,0.04180064308681672,0.05466237942122187,0.031082529474812434,0.0782422293676313,0.013933547695605574,0.028938906752411574,0.04394426580921758,0.11254019292604502,0.01822079314040729,0.01822079314040729,0.11039657020364416,0.05037513397642015,0.04501607717041801,0.10182207931404073,0.030010718113612004,0.05359056806002144,0.006430868167202572,0.02465166130760986
11,0.06623931623931624,0.0405982905982906,0.057692307692307696,0.07264957264957266,0.04700854700854701,0.05982905982905983,0.027777777777777776,0.06196581196581197,0.07051282051282051,0.10042735042735043,0.03205128205128205,0.0405982905982906,0.042735042735042736,0.03418803418803419,0.0405982905982906,0.07905982905982906,0.038461538461538464,0.057692307692307696,0,0.029914529914529916
12,0.053465346534653464,0.019801980198019802,0.07128712871287128,0.06930693069306931,0.053465346534653464,0.041584158415841586,0.027722772277227723,0.06930693069306931,0.07722772277227723,0.10297029702970296,0.033663366336633666,0.031683168316831684,0.04950495049504951,0.047524752475247525,0.03762376237623762,0.07722772277227723,0.05148514851485148,0.047524752475247525,0.0019801980198019802,0.03564356435643564
13,0.045454545454545456,0.03896103896103896,0.04329004329004329,0.05844155844155844,0.03463203463203463,0.07142857142857142,0.017316017316017316,0.047619047619047616,0.05844155844155844,0.09956709956709957,0.030303030303030304,0.032467532467532464,0.09523809523809523,0.04329004329004329,0.05194805194805195,0.09523809523809523,0.0670995670995671,0.04112554112554113,0.0021645021645021645,0.025974025974025976
14,0.04395604395604396,0.03956043956043956,0.041758241758241756,0.06593406593406594,0.03076923076923077,0.05714285714285714,0.03076923076923077,0.054945054945054944,0.06593406593406594,0.1010989010989011,0.02857142857142857,0.03076923076923077,0.08791208791208792,0.03736263736263736,0.04835164835164835,0.08791208791208792,0.07912087912087912,0.041758241758241756,0.002197802197802198,0.024175824175824177
15,0.05726872246696035,0.03303964757709251,0.048458149779735685,0.07488986784140969,0.04405286343612335,0.07709251101321586,0.013215859030837005,0.039647577092511016,0.06607929515418502,0.1013215859030837,0.039647577092511016,0.028634361233480177,0.08590308370044053,0.037444933920704845,0.05947136563876652,0.07929515418502203,0.05286343612334802,0.03524229074889868,0.0022026431718061676,0.024229074889867842
16,0.06883365200764818,0.036328871892925434,0.0497131931166348,0.07265774378585087,0.045889101338432124,0.05162523900573614,0.02676864244741874,0.06118546845124283,0.06118546845124283,0.07648183556405354,0.022944550669216062,0.030592734225621414,0.0497131931166348,0.0745697896749522,0.05162523900573614,0.09177820267686425,0.0497131931166348,0.04206500956022945,0.0057361376673040155,0.030592734225621414
17,0.06318082788671024,0.0392156862745098,0.0392156862745098,0.06535947712418301,0.037037037037037035,0.054466230936819175,0.026143790849673203,0.06753812636165578,0.06318082788671024,0.09586056644880174,0.02178649237472767,0.054466230936819175,0.034858387799564274,0.08496732026143791,0.04793028322440087,0.06971677559912855,0.04793028322440087,0.0457516339869281,0.006535947712418301,0.034858387799564274
18,0.07142857142857142,0.04054054054054054,0.02895752895752896,0.07335907335907337,0.03667953667953668,0.0694980694980695,0.04054054054054054,0.032818532818532815,0.052123552123552123,0.10810810810810811,0.017374517374517374,0.023166023166023165,0.052123552123552123,0.07142857142857142,0.07528957528957529,0.0888030888030888,0.04054054054054054,0.04247104247104247,0.003861003861003861,0.03088803088803089
19,0.06277056277056277,0.02813852813852814,0.045454545454545456,0.06060606060606061,0.0367965367965368,0.06926406926406926,0.032467532467532464,0.04329004329004329,0.05627705627705628,0.1038961038961039,0.0367965367965368,0.03896103896103896,0.07575757575757576,0.030303030303030304,0.05411255411255411,0.09740259740259741,0.05194805194805195,0.05194805194805195,0.004329004329004329,0.01948051948051948
20,0.07692307692307693,0.0300187617260788,0.0525328330206379,0.054409005628517824,0.028142589118198873,0.1125703564727955,0.020637898686679174,0.03189493433395872,0.04690431519699812,0.08630393996247655,0.0225140712945591,0.01876172607879925,0.12195121951219512,0.0375234521575985,0.07129455909943715,0.08067542213883677,0.0300187617260788,0.0525328330206379,0.009380863039399626,0.0150093808630394
21,0.06911447084233262,0.028077753779697623,0.04535637149028078,0.06263498920086392,0.03023758099352052,0.0734341252699784,0.028077753779697623,0.04535637149028078,0.05399568034557235,0.09935205183585313,0.03455723542116631,0.03455723542116631,0.06695464362850972,0.028077753779697623,0.056155507559395246,0.09719222462203024,0.056155507559395246,0.05399568034557235,0.004319654427645789,0.032397408207343416
22,0.0468384074941452,0.03981264637002342,0.07494145199063232,0.06557377049180328,0.04215456674473068,0.0468384074941452,0.03278688524590164,0.05620608899297424,0.05620608899297424,0.09836065573770492,0.03981264637002342,0.03044496487119438,0.05152224824355972,0.03747072599531616,0.06791569086651054,0.1053864168618267,0.04215456674473068,0.04449648711943794,0.00234192037470726,0.01873536299765808
23,0.059907834101382486,0.03686635944700461,0.03917050691244239,0.08294930875576037,0.055299539170506916,0.06221198156682028,0.02534562211981567,0.04377880184331797,0.06451612903225806,0.10138248847926268,0.04377880184331797,0.02304147465437788,0.04608294930875576,0.0576036866359447,0.07603686635944701,0.06221198156682028,0.04838709677419355,0.04377880184331797,0.009216589861751152,0.018433179723502304
24,0.07670454545454546,0.036931818181818184,0.03409090909090909,0.0625,0.056818181818181816,0.05397727272727273,0.03409090909090909,0.048295454545454544,0.036931818181818184,0.13068181818181818,0.028409090909090908,0.017045454545454544,0.05397727272727273,0.08238636363636363,0.07386363636363637,0.04261363636363636,0.05965909090909091,0.05113636363636364,0,0.019886363636363636
25,0.04526748971193416,0.03497942386831276,0.03497942386831276,0.09259259259259259,0.03909465020576132,0.053497942386831275,0.026748971193415638,0.04526748971193416,0.06790123456790123,0.09465020576131687,0.047325102880658436,0.03909465020576132,0.04938271604938271,0.06584362139917696,0.051440329218107,0.06378600823045268,0.05555555555555555,0.04938271604938271,0.006172839506172839,0.037037037037037035
